---
result: "(-6 ± 3) %"
mean: -0.06075
error: 0.0299277
hands: 10000
bankroll: -607.5
bustsPlayer: 0
bustsDealer: 0.2808
wins: 0.4296
pushes: 0.0575
losses: 0.5129
...
